5 5
0 0 0 0 0 
1 1 1 1 1
0 1 0 0 0
0 0 1 1 1
1 0 0 0 0
1 1 1
1 5 2
4 2
0 0
0 0
1 0
0 0
1 1 3
4 1 3
10 10
0 1 1 1 0 0 0 0 0 1
0 0 0 0 0 1 1 1 1 1
0 0 0 0 0 1 1 1 1 1
0 1 0 0 1 1 1 1 1 1
0 0 0 1 0 0 0 1 1 1
0 1 1 1 0 0 0 0 0 1
0 0 0 1 1 0 0 0 1 1
0 1 0 1 1 1 1 0 1 1
0 0 0 1 1 1 1 1 1 1
1 1 1 1 1 1 1 0 1 1
1 9 1
9 1 3
5 6
0 0 0 0 0 0
0 1 1 0 1 0
1 1 0 0 0 0
0 0 1 1 1 0
1 0 0 0 0 0
4 2 3
2 4 1
9 12
0 0 0 0 0 0 0 0 0 0 0 1
0 1 1 1 1 0 0 1 1 1 1 0
0 0 0 0 0 0 0 1 1 1 1 0
0 1 1 1 1 0 0 1 1 1 1 0
0 0 0 0 0 0 0 0 0 0 0 0
0 1 1 1 1 0 0 1 1 1 1 0
0 1 1 1 1 0 0 0 0 0 0 0
0 1 1 1 1 0 0 1 1 1 1 0
1 0 0 0 0 0 0 0 0 0 0 0
1 1 3
9 12 3
5 6
0 0 0 0 0 0
0 1 1 0 1 0
0 1 0 0 0 0
0 0 1 1 1 0
1 0 0 0 0 0
4 2 3
2 4 1