5 7
0 0 0 0 0 0 0
0 2 4 5 3 0 0
0 3 0 2 5 2 0
0 7 6 2 4 0 0
0 0 0 0 0 0 0
3 3
0 0 0
0 6 0
0 0 0
40 20
0 0 0 0 0 0 0 0 0 0 0 0 0 0 0 0 0 0 0 0
0 10 10 10 10 1 10 10 10 10 10 10 10 10 10 10 10 10 10 0
0 10 10 10 10 1 10 10 10 10 10 10 10 10 10 10 10 10 10 0
0 10 10 10 10 1 10 10 10 10 10 10 10 10 10 10 10 10 10 0
0 10 10 10 10 1 10 10 10 10 10 10 10 10 10 10 10 10 10 0
0 10 10 10 10 1 10 10 10 10 10 10 10 10 10 10 10 10 10 0
0 10 10 10 10 1 10 10 10 10 10 10 10 10 10 10 10 10 10 0
0 10 10 10 10 1 10 10 10 10 10 10 10 10 10 10 10 10 10 0
0 10 10 10 10 1 10 10 10 10 10 10 10 10 10 10 10 10 10 0
0 10 10 10 10 1 10 10 10 10 10 10 10 10 10 10 10 10 10 0 
0 10 10 10 10 1 10 10 10 10 10 10 10 10 10 10 10 10 10 0
0 10 10 10 10 1 10 10 10 10 10 10 10 10 10 10 10 10 10 0
0 10 10 10 10 1 10 10 10 10 10 10 10 10 10 10 10 10 10 0
0 10 10 10 10 1 10 10 10 10 10 10 10 10 10 10 10 10 10 0
0 10 10 10 10 1 10 10 10 10 10 10 10 10 10 10 10 10 10 0
0 10 10 10 10 1 10 10 10 10 10 10 10 10 10 10 10 10 10 0
0 10 10 10 10 1 10 10 10 10 10 10 10 10 10 10 10 10 10 0
0 10 10 10 10 1 10 10 10 10 10 10 10 10 10 10 10 10 10 0
0 10 10 10 10 1 10 10 10 10 10 10 10 10 10 10 10 10 10 0
0 10 10 10 10 1 10 10 10 10 10 10 10 10 10 10 10 10 10 0 
0 10 10 10 10 1 10 10 10 10 10 10 10 10 10 10 10 10 10 0
0 10 10 10 10 1 10 10 10 10 10 10 10 10 10 10 10 10 10 0
0 10 10 10 10 1 10 10 10 10 10 10 10 10 10 10 10 10 10 0
0 10 10 10 10 1 10 10 10 10 10 10 10 10 10 10 10 10 10 0
0 10 10 10 10 1 10 10 10 10 10 10 10 10 10 10 10 10 10 0
0 10 10 10 10 1 10 10 10 10 10 10 10 10 10 10 10 10 10 0
0 10 10 10 10 1 10 10 10 10 10 10 10 10 10 10 10 10 10 0
0 10 10 10 10 1 10 10 10 10 10 10 10 10 10 10 10 10 10 0
0 10 10 10 10 1 10 10 10 10 10 10 10 10 10 10 10 10 10 0
0 10 10 10 10 1 10 10 10 10 10 10 10 10 10 10 10 10 10 0
0 10 10 10 10 1 10 10 10 10 10 10 10 10 10 10 10 10 10 0
0 10 10 10 10 1 10 10 10 10 10 10 10 10 10 10 10 10 10 0
0 10 10 10 10 1 10 10 10 10 10 10 10 10 10 10 10 10 10 0
0 10 10 10 10 1 10 10 10 10 10 10 10 10 10 10 10 10 10 0
0 10 10 10 10 1 10 10 10 10 10 10 10 10 10 10 10 10 10 0
0 10 10 10 10 1 10 10 10 10 10 10 10 10 10 10 10 10 10 0
0 10 10 10 10 1 10 10 10 10 10 10 10 10 10 10 10 10 10 0
0 10 10 10 10 1 10 10 10 10 10 10 10 10 10 10 10 10 10 0
0 10 10 10 10 1 10 10 10 10 10 10 10 10 10 10 10 10 10 0
0 0 0 0 0 0 0 0 0 0 0 0 0 0 0 0 0 0 0 0